CMEMS +2000
std = 0.0542919366545664
mean = -0.03589317486091742

MEaSUREs +2000
mean = -0.011865307341200284
std = 0.059800973417753325

CMEMS - MEaSUREs +2000
mean = 0.0185324105417923
std = 0.0248440802250597